40.90336763 -70.48740578 1
40.8971804 -70.49269247 1
40.89099288 -70.49797815 1
40.88480506 -70.50326281 1
40.87861694 -70.50854646 1
40.87242852 -70.51382908 1
40.8662398 -70.51911069 1
40.86005078 -70.52439128 1
40.85386147 -70.52967085 1
40.84767185 -70.53494941 1
40.84148194 -70.54022695 1
40.83529173 -70.54550348 1
41.00448596 -70.38921522 1
40.99830424 -70.39451968 1
40.99212222 -70.3998231 1
40.9859399 -70.40512551 1
40.97975728 -70.41042688 1
40.97357436 -70.41572724 1
40.96739114 -70.42102657 1
40.96120761 -70.42632487 1
40.95502378 -70.43162215 1
40.94883966 -70.43691841 1
40.94265523 -70.44221365 1
40.9364705 -70.44750787 1
40.93028547 -70.45280106 1
40.92410014 -70.45809323 1
40.91791451 -70.46338438 1
40.91172858 -70.46867452 1
40.90554235 -70.47396363 1
40.89935583 -70.47925172 1
40.893169 -70.48453879 1
40.88698187 -70.48982484 1
40.88079444 -70.49510988 1
40.87460672 -70.50039389 1
40.86841869 -70.50567689 1
40.86223037 -70.51095887 1
40.85604175 -70.51623984 1
40.84985283 -70.52151979 1
40.84366361 -70.52679872 1
40.83747409 -70.53207664 1
40.83128427 -70.53735354 1
41.0066479 -70.37574999 1
41.00046689 -70.38105584 1
40.99428557 -70.38636067 1
40.98810395 -70.39166447 1
40.98192203 -70.39696724 1
40.9757398 -70.402269 1
40.96955728 -70.40756972 1
40.96337445 -70.41286942 1
40.95719132 -70.4181681 1
40.95100789 -70.42346576 1
40.94482416 -70.42876239 1
40.93864013 -70.434058 1
40.9324558 -70.43935259 1
40.92627116 -70.44464615 1
40.92008623 -70.4499387 1
40.913901 -70.45523022 1
40.90771546 -70.46052073 1
40.90152963 -70.46581021 1
40.8953435 -70.47109868 1
40.88915706 -70.47638612 1
40.88297033 -70.48167255 1
40.8767833 -70.48695796 1
40.87059597 -70.49224235 1
40.86440834 -70.49752572 1
40.85822041 -70.50280808 1
40.85203218 -70.50808942 1
40.84584365 -70.51336974 1
40.83965483 -70.51864904 1
40.83346571 -70.52392734 1
40.82727629 -70.52920461 1
40.99644729 -70.37289749 1
40.99026637 -70.37820269 1
40.98408515 -70.38350686 1
40.97790362 -70.38881001 1
40.9717218 -70.39411213 1
40.96553967 -70.39941323 1
40.95935724 -70.4047133 1
40.95317451 -70.41001235 1
40.94699147 -70.41531038 1
40.94080814 -70.42060739 1
40.9346245 -70.42590337 1
40.92844057 -70.43119833 1
40.92225633 -70.43649227 1
40.91607179 -70.44178519 1
40.90988695 -70.44707708 1
40.90370182 -70.45236796 1
40.89751638 -70.45765782 1
40.89133064 -70.46294666 1
40.8851446 -70.46823448 1
40.87895826 -70.47352128 1
40.87277163 -70.47880706 1
40.86658469 -70.48409182 1
40.86039745 -70.48937557 1
40.85420992 -70.4946583 1
40.84802209 -70.49994001 1
40.84183395 -70.50522071 1
40.83564552 -70.51050039 1
40.8294568 -70.51577905 1
40.82326777 -70.5210567 1
40.98624665 -70.37004573 1
40.98006582 -70.37535028 1
40.97388469 -70.3806538 1
40.96770326 -70.38595629 1
40.96152153 -70.39125776 1
40.9553395 -70.39655821 1
40.94915716 -70.40185763 1
40.94297452 -70.40715603 1
40.93679159 -70.41245341 1
40.93060835 -70.41774976 1
40.92442481 -70.42304509 1
40.91824096 -70.4283394 1
40.91205682 -70.4336327 1
40.90587238 -70.43892497 1
40.89968764 -70.44421622 1
40.8935026 -70.44950645 1
40.88731725 -70.45479566 1
40.88113161 -70.46008385 1
40.87494567 -70.46537102 1
40.86875943 -70.47065718 1
40.86257288 -70.47594231 1
40.85638604 -70.48122643 1
40.8501989 -70.48650953 1
40.84401146 -70.49179162 1
40.83782373 -70.49707269 1
40.83163569 -70.50235274 1
40.82544736 -70.50763178 1
40.81925872 -70.5129098 1
40.96986523 -70.37249861 1
40.9636842 -70.37780147 1
40.95750286 -70.38310331 1
40.95132123 -70.38840413 1
40.94513929 -70.39370393 1
40.93895705 -70.3990027 1
40.9327745 -70.40430045 1
40.92659166 -70.40959717 1
40.92040852 -70.41489288 1
40.91422507 -70.42018756 1
40.90804133 -70.42548122 1
40.90185728 -70.43077387 1
40.89567293 -70.43606549 1
40.88948829 -70.44135609 1
40.88330334 -70.44664567 1
40.87711809 -70.45193424 1
40.87093254 -70.45722178 1
40.8647467 -70.46250831 1
40.85856055 -70.46779382 1
40.8523741 -70.47307831 1
40.84618736 -70.47836179 1
40.84000031 -70.48364425 1
40.83381297 -70.48892569 1
40.82762533 -70.49420611 1
40.82143739 -70.49948553 1
40.81524915 -70.50476392 1
40.26937344 -73.34085318 1
40.26304721 -73.34582921 1
40.28453729 -73.31766 1
40.27821214 -73.32263931 1
40.27188675 -73.32761768 1
40.26556112 -73.33259511 1
40.25923525 -73.3375716 1
40.29969625 -73.29445648 1
40.29337218 -73.29943908 1
40.28704787 -73.30442074 1
40.28072332 -73.30940146 1
40.27439853 -73.31438124 1
40.2680735 -73.31936008 1
40.26174823 -73.32433797 1
40.25542272 -73.32931492 1
40.30220408 -73.28121348 1
40.29588061 -73.2861975 1
40.2895569 -73.29118056 1
40.28323296 -73.29616269 1
40.27690877 -73.30114387 1
40.27058434 -73.30612411 1
40.26425967 -73.31110341 1
40.25793476 -73.31608177 1
40.25160962 -73.32105919 1
40.29838751 -73.27295498 1
40.2920644 -73.27793945 1
40.28574106 -73.28292298 1
40.27941747 -73.28790558 1
40.27309365 -73.29288722 1
40.26676958 -73.29786793 1
40.26044527 -73.30284769 1
40.25412073 -73.30782652 1
40.24779594 -73.3128044 1
40.29457036 -73.26469741 1
40.28824762 -73.26968235 1
40.28192464 -73.27466635 1
40.27560142 -73.2796494 1
40.26927795 -73.28463152 1
40.26295425 -73.28961269 1
40.2566303 -73.29459292 1
40.25030612 -73.2995722 1
40.24398169 -73.30455055 1
40.29075265 -73.25644079 1
40.28443027 -73.26142619 1
40.27810765 -73.26641066 1
40.27178479 -73.27139417 1
40.26546168 -73.27637675 1
40.25913834 -73.28135838 1
40.25281476 -73.28633908 1
40.24649093 -73.29131883 1
40.24016687 -73.29629764 1
40.28693436 -73.24818511 1
40.28061234 -73.25317098 1
40.27429008 -73.2581559 1
40.26796758 -73.26313989 1
40.26164484 -73.26812292 1
40.25532186 -73.27310502 1
40.24899864 -73.27808618 1
40.24267518 -73.2830664 1
40.23635148 -73.28804567 1
40.2831155 -73.23993038 1
40.27679385 -73.24491671 1
40.27047195 -73.2499021 1
40.26414981 -73.25488654 1
40.25782743 -73.25987004 1
40.25150481 -73.2648526 1
40.24518195 -73.26983422 1
40.23885885 -73.2748149 1
40.23253551 -73.27979464 1
40.27929607 -73.23167659 1
40.27297478 -73.23666338 1
40.26665324 -73.24164923 1
40.26033147 -73.24663414 1
40.25400945 -73.2516181 1
40.24768719 -73.25660112 1
40.24136469 -73.26158321 1
40.23504195 -73.26656435 1
40.22871897 -73.27154455 1
40.27547607 -73.22342374 1
40.26915514 -73.22841099 1
40.26283396 -73.2333973 1
40.25651255 -73.23838267 1
40.25019089 -73.2433671 1
40.243869 -73.24835059 1
40.23754686 -73.25333313 1
40.23122448 -73.25831474 1
40.22490186 -73.2632954 1
40.27165549 -73.21517183 1
40.26533492 -73.22015955 1
40.25901411 -73.22514632 1
40.25269306 -73.23013215 1
40.24637177 -73.23511704 1
40.24005023 -73.24010099 1
40.23372846 -73.245084 1
40.22740644 -73.25006606 1
40.22108419 -73.25504719 1
40.26151414 -73.21190905 1
40.25519369 -73.21689628 1
40.248873 -73.22188257 1
40.24255207 -73.22686793 1
40.2362309 -73.23185233 1
40.22990948 -73.2368358 1
40.22358783 -73.24181833 1
40.21726593 -73.24679992 1
40.25769279 -73.20365949 1
40.2513727 -73.20864718 1
40.24505237 -73.21363394 1
40.2387318 -73.21861975 1
40.23241099 -73.22360462 1
40.22608994 -73.22858855 1
40.21976865 -73.23357154 1
40.21344711 -73.23855359 1
40.25387086 -73.19541087 1
40.24755114 -73.20039903 1
40.24123117 -73.20538624 1
40.23491097 -73.21037252 1
40.22859052 -73.21535785 1
40.22226983 -73.22034224 1
40.2159489 -73.22532569 1
40.20962772 -73.2303082 1
40.25004837 -73.1871632 1
40.243729 -73.19215182 1
40.2374094 -73.19713949 1
40.23108956 -73.20212622 1
40.22476947 -73.20711201 1
40.21844914 -73.21209686 1
40.21212857 -73.21708077 1
40.20580776 -73.22206374 1
40.2462253 -73.17891647 1
40.2399063 -73.18390554 1
40.23358706 -73.18889368 1
40.22726758 -73.19388087 1
40.22094785 -73.19886712 1
40.21462789 -73.20385243 1
40.20830768 -73.2088368 1
40.20198723 -73.21382023 1
40.24240167 -73.17067068 1
40.23608303 -73.17566021 1
40.22976415 -73.18064881 1
40.22344503 -73.18563646 1
40.21712567 -73.19062317 1
40.21080606 -73.19560894 1
40.20448622 -73.20059377 1
40.19816613 -73.20557766 1
40.23857746 -73.16242583 1
40.23225919 -73.16741583 1
40.22594067 -73.17240488 1
40.21962191 -73.17739299 1
40.21330291 -73.18238016 1
40.20698367 -73.18736639 1
40.20066419 -73.19235168 1
40.19434446 -73.19733603 1
40.23475269 -73.15418193 1
40.22843478 -73.15917238 1
40.22211662 -73.16416189 1
40.21579823 -73.16915046 1
40.20947959 -73.17413809 1
40.23092734 -73.14593897 1
40.37675273 -73.56837478 1
40.37041658 -73.57333805 1
40.37929181 -73.55512581 1
40.37295627 -73.56009049 1
40.36662048 -73.56505423 1
40.37549441 -73.54684198 1
40.36915922 -73.55180714 1
40.3628238 -73.55677136 1
40.37169643 -73.5385591 1
40.3653616 -73.54352473 1
40.35902654 -73.54848943 1
40.36789787 -73.53027716 1
40.36156341 -73.53524327 1
40.3552287 -73.54020844 1
40.36409873 -73.52199616 1
40.35776463 -73.52696274 1
40.35143028 -73.53192839 1
40.36029901 -73.5137161 1
40.35396527 -73.51868316 1
40.34763129 -73.52364928 1
40.35649872 -73.50543698 1
40.35016533 -73.51040452 1
40.34383171 -73.51537111 1
40.35269784 -73.49715881 1
40.34636482 -73.50212681 1
40.34003156 -73.50709388 1
40.35522882 -73.48391215 1
40.34889639 -73.48888157 1
40.34256372 -73.49385005 1
40.33623082 -73.4988176 1
40.35142642 -73.47563538 1
40.34509436 -73.48060528 1
40.33876205 -73.48557424 1
40.33242951 -73.49054225 1
40.34762345 -73.46735956 1
40.34129175 -73.47232993 1
40.3349598 -73.47729936 1
40.32862762 -73.48226784 1
40.34381991 -73.45908468 1
40.33748856 -73.46405552 1
40.33115698 -73.46902542 1
40.32482516 -73.47399438 1
40.34001578 -73.45081074 1
40.3336848 -73.45578205 1
40.32735357 -73.46075243 1
40.32102212 -73.46572186 1
40.33621108 -73.44253774 1
40.32988045 -73.44750953 1
40.32354959 -73.45248037 1
40.3172185 -73.45745027 1
40.3324058 -73.43426569 1
40.32607554 -73.43923794 1
40.31974504 -73.44420926 1
40.3134143 -73.44917963 1
40.32859994 -73.42599457 1
40.32227004 -73.4309673 1
40.3159399 -73.43593909 1
40.30960953 -73.44090993 1
40.32479351 -73.4177244 1
40.31846397 -73.4226976 1
40.31213419 -73.42766986 1
40.30580418 -73.43264117 1
40.3209865 -73.40945517 1
40.31465732 -73.41442884 1
40.30832791 -73.41940157 1
40.30199825 -73.42437335 1
40.31717892 -73.40118688 1
40.3108501 -73.40616102 1
40.30452104 -73.41113422 1
40.29819175 -73.41610647 1
40.31337076 -73.39291954 1
40.3070423 -73.39789414 1
40.30071361 -73.40286781 1
40.29438467 -73.40784053 1
40.30956202 -73.38465313 1
40.30323393 -73.38962821 1
40.29690559 -73.39460234 1
40.29057702 -73.39957553 1
40.30575271 -73.37638767 1
40.29942498 -73.38136321 1
40.293097 -73.38633781 1
40.28676879 -73.39131148 1
40.30194283 -73.36812315 1
40.29561545 -73.37309916 1
40.28928784 -73.37807423 1
40.28295999 -73.38304836 1
40.29813237 -73.35985957 1
40.29180535 -73.36483605 1
40.2854781 -73.36981158 1
40.27915061 -73.37478618 1
40.29432133 -73.35159693 1
40.28799468 -73.35657388 1
40.28166779 -73.36154988 1
40.27534066 -73.36652494 1
40.29050972 -73.34333523 1
40.28418343 -73.34831265 1
40.2778569 -73.35328912 1
40.27153014 -73.35826465 1
40.28669754 -73.33507448 1
40.28037161 -73.34005236 1
40.27404544 -73.3450293 1
40.26771904 -73.35000529 1
41.01828931 -71.18092319 1
41.01206775 -71.18615746 1
41.00584591 -71.19139071 1
40.99962379 -71.19662294 1
40.99340137 -71.20185417 1
40.98717867 -71.20708438 1
40.98095569 -71.21231358 1
40.97473242 -71.21754176 1
40.96850886 -71.22276894 1
40.96228502 -71.2279951 1
40.95606089 -71.23322025 1
40.94983647 -71.2384444 1
41.01432425 -71.17270948 1
41.00810308 -71.17794414 1
41.00188163 -71.1831778 1
40.9956599 -71.18841044 1
40.98943787 -71.19364206 1
40.98321556 -71.19887268 1
40.97699297 -71.20410228 1
40.97077009 -71.20933087 1
40.96454692 -71.21455845 1
40.95832347 -71.21978501 1
40.95209973 -71.22501057 1
40.9458757 -71.23023512 1
41.01657912 -71.15926069 1
41.01035864 -71.16449678 1
41.00413787 -71.16973184 1
40.99791681 -71.1749659 1
40.99169546 -71.18019894 1
40.98547383 -71.18543097 1
40.97925191 -71.19066199 1
40.97302971 -71.19589199 1
40.96680721 -71.20112098 1
40.96058444 -71.20634897 1
40.95436137 -71.21157594 1
40.94813802 -71.2168019 1
41.01883239 -71.1458111 1
41.01261258 -71.1510486 1
41.00639249 -71.15628509 1
41.00017211 -71.16152056 1
40.99395144 -71.16675502 1
40.98773048 -71.17198846 1
40.98150924 -71.17722089 1
40.97528771 -71.18245231 1
40.9690659 -71.18768272 1
40.9628438 -71.19291211 1
40.95662141 -71.1981405 1
40.95039873 -71.20336787 1
41.02108404 -71.13236071 1
41.01486491 -71.13759963 1
41.00864549 -71.14283753 1
41.00242579 -71.14807441 1
40.9962058 -71.15331029 1
40.98998552 -71.15854515 1
40.98376496 -71.16377899 1
40.97754411 -71.16901182 1
40.97132297 -71.17424365 1
40.96510154 -71.17947445 1
40.95887983 -71.18470425 1
40.95265783 -71.18993304 1
40.94643555 -71.19516081 1
41.01711562 -71.12414985 1
41.01089689 -71.12938916 1
41.00467786 -71.13462747 1
40.99845855 -71.13986475 1
40.99223895 -71.14510103 1
40.98601906 -71.15033629 1
40.97979889 -71.15557054 1
40.97357843 -71.16080377 1
40.96735768 -71.16603599 1
40.96113665 -71.1712672 1
40.95491532 -71.1764974 1
40.94869372 -71.18172659 1
41.01936472 -71.11069927 1
41.01314666 -71.11594 1
41.00692832 -71.12117972 1
41.00070969 -71.12641842 1
40.99449076 -71.13165611 1
40.98827156 -71.13689278 1
40.98205206 -71.14212844 1
40.97583228 -71.14736309 1
40.96961221 -71.15259673 1
40.96339185 -71.15782935 1
40.9571712 -71.16306096 1
40.95095027 -71.16829156 1
41.0216122 -71.09724789 1
41.01539483 -71.10249003 1
41.00917716 -71.10773117 1
41.00295921 -71.11297128 1
40.99674096 -71.11821039 1
40.99052243 -71.12344848 1
40.98430362 -71.12868555 1
40.97808451 -71.13392161 1
40.97186512 -71.13915666 1
40.96564544 -71.1443907 1
40.95942547 -71.14962372 1
40.95320522 -71.15485573 1
40.94698468 -71.16008674 1
41.01764137 -71.08903927 1
41.01142439 -71.09428182 1
41.00520711 -71.09952335 1
40.99898955 -71.10476387 1
40.9927717 -71.11000337 1
40.98655356 -71.11524186 1
40.98033513 -71.12047933 1
40.97411642 -71.1257158 1
40.96789742 -71.13095124 1
40.96167813 -71.13618568 1
40.95545855 -71.14141911 1
40.94923869 -71.14665152 1