39
90 126 0.0797 5
3.0254042 3.098933469 45.569622
3.5334873 2.290311081 121.51899
4.016166 1.75122949 212.65823
4.6766744 1.636134435 349.3671
5.0069284 1.430396578 425.31647
5.4896073 1.350478725 577.2152
6.0230947 1.263034428 744.3038
6.556582 1.195600675 1002.5316
7.013857 1.09339401 1200
7.4457273 1.050172402 1443.038
7.7759814 1.021357996 1655.6962
8.004619 0.994936535 1792.405
8.309469 0.982771419 2005.0632
8.639723 0.972344176 2263.2913
8.995381 0.96017906 2536.7087
9.325635 0.953801639 2840.5063
9.503464 0.949550025 3007.595
10.011547 0.93892099 3463.2913
10.367206 0.912704866 3843.038
10.494226 0.904611428 4010.1265
11.00231 0.872237675 4587.342
11.281755 0.872585034 4951.899
11.332563 0.848586002 4997.4683
11.459584 0.80401637 5012.658
11.789839 0.687942635 5027.848
11.993072 0.634433003 5027.848
13.009238 0.470850427 5027.848
14 0.376073179 5027.848
15.016167 0.309226416 5027.848
16.006927 0.25658113 5027.848
17.023094 0.213113727 5027.848
18.013857 0.183658291 5027.848
19.00462 0.159958134 5027.848
19.99538 0.139516459 5027.848
20.986143 0.121835667 5027.848
22.00231 0.111110204 5027.848
23.018476 0.097756789 5027.848
24.009237 0.089855226 5027.848
25 0.079686859 5027.848
