39.81061699	-73.36142499	1
39.81290275	-73.36634841	1
39.81923103	-73.3614083	1
39.80885958	-73.37621108	1
39.81518831	-73.37127216	1
39.8215168	-73.36633232	1
39.82784506	-73.36139157	1
39.81114472	-73.38113488	1
39.81747366	-73.37619624	1
39.82380237	-73.37125668	1
39.83013084	-73.3663162	1
39.83645907	-73.36137479	1
39.81342965	-73.38605902	1
39.81975881	-73.38112065	1
39.82608773	-73.37618136	1
39.83241641	-73.37124116	1
39.83874486	-73.36630003	1
39.80938478	-73.39592067	1
39.81571439	-73.39098349	1
39.82204375	-73.3860454	1
39.82837289	-73.38110638	1
39.83470178	-73.37616645	1
39.8116691	-73.40084519	1
39.81799892	-73.39590829	1
39.8243285	-73.39097047	1
39.83065784	-73.38603173	1
39.83698695	-73.38109207	1
39.84331583	-73.37615149	1
39.81395321	-73.40577005	1
39.82028324	-73.40083342	1
39.82661304	-73.39589587	1
39.83294259	-73.39095741	1
39.83927192	-73.38601802	1
39.84560101	-73.38107772	1
39.81623712	-73.41069524	1
39.82256736	-73.40575888	1
39.82889737	-73.40082161	1
39.83522714	-73.39588342	1
39.84155668	-73.39094431	1
39.84788598	-73.38600428	1
39.81852083	-73.41562075	1
39.82485128	-73.41068467	1
39.8311815	-73.40574768	1
39.83751149	-73.40080976	1
39.84384124	-73.39587092	1
39.85017075	-73.39093117	1
39.82080433	-73.4205466	1
39.827135	-73.4156108	1
39.83346543	-73.41067407	1
39.83979563	-73.40573643	1
39.84612559	-73.40079787	1
39.85245532	-73.39585839	1
39.82308763	-73.42547278	1
39.82941851	-73.42053725	1
39.83574915	-73.4156008	1
39.84207956	-73.41066343	1
39.84840974	-73.40572515	1
39.85473968	-73.40078594	1
39.82537072	-73.43039929	1
39.83170181	-73.42546403	1
39.83803267	-73.42052786	1
39.8443633	-73.41559077	1
39.85069369	-73.41065276	1
39.85702384	-73.40571383	1
39.82765361	-73.43532613	1
39.83398492	-73.43039115	1
39.84031599	-73.42545525	1
39.84664683	-73.42051843	1
39.85297743	-73.4155807	1
39.8593078	-73.41064204	1
39.8299363	-73.4402533	1
39.83626782	-73.43531859	1
39.8425991	-73.43038297	1
39.84893015	-73.42544643	1
39.85526097	-73.42050897	1
39.86159155	-73.41557059	1
39.83221878	-73.4451808	1
39.83855051	-73.44024637	1
39.84488201	-73.43531102	1
39.85121327	-73.43037476	1
39.8575443	-73.42543757	1
39.8638751	-73.42049947	1
39.83450106	-73.45010863	1
39.84083301	-73.44517448	1
39.84716472	-73.44023941	1
39.85349619	-73.43530342	1
39.85982743	-73.43036651	1
39.86615844	-73.42542868	1
39.83678314	-73.45503679	1
39.84311529	-73.45010291	1
39.84944722	-73.44516812	1
39.85577891	-73.44023241	1
39.86211036	-73.43529577	1
39.86844158	-73.43035822	1
39.83906501	-73.45996528	1
39.84539738	-73.45503168	1
39.85172951	-73.45009716	1
39.85806142	-73.44516173	1
39.86439308	-73.44022537	1
39.87072452	-73.43528809	1
39.84134667	-73.46489411	1
39.84767926	-73.45996078	1
39.85401161	-73.45502654	1
39.86034372	-73.45009138	1
39.8666756	-73.4451553	1
39.87300725	-73.4402183	1
39.84362814	-73.46982326	1
39.84996093	-73.46489021	1
39.85629349	-73.45995625	1
39.86262582	-73.45502136	1
39.86895792	-73.45008556	1
39.87528978	-73.44514883	1
39.84590939	-73.47475275	1
39.8522424	-73.46981997	1
39.85857518	-73.46488628	1
39.86490772	-73.45995168	1
39.87124003	-73.45501615	1
39.84819045	-73.47968256	1
39.85452367	-73.47475007	1
39.86085666	-73.46981665	1
39.86718941	-73.46488232	1
39.87352193	-73.45994707	1
39.8504713	-73.48461271	1
39.85680473	-73.47968049	1
39.86313793	-73.47474735	1
39.8694709	-73.4698133	1
39.87580363	-73.46487832	1
39.85275194	-73.48954318	1
39.85908559	-73.48461124	1
39.865419	-73.47967838	1
39.87175218	-73.4747446	1
39.87808513	-73.4698099	1
39.85503238	-73.49447399	1
39.86136624	-73.48954233	1
39.86769987	-73.48460974	1
39.87403326	-73.47967624	1
39.88036642	-73.47474182	1
39.85731262	-73.49940513	1
39.86364669	-73.49447374	1
39.86998053	-73.48954144	1
39.87631414	-73.48460821	1
39.88264751	-73.47967407	1
39.85959265	-73.5043366	1
39.86592694	-73.49940549	1
39.87226099	-73.49447346	1
39.87859481	-73.48954051	1
39.88492839	-73.48460664	1
39.86187248	-73.5092684	1
39.86820698	-73.50433757	1
39.87454124	-73.49940582	1
39.88087528	-73.49447314	1
39.88720907	-73.48953955	1
39.8641521	-73.51420053	1
39.87048681	-73.50926997	1
39.87682129	-73.5043385	1
39.88315554	-73.49940611	1
39.88948955	-73.49447279	1
39.86643152	-73.51913299	1
39.87276645	-73.51420271	1
39.87910114	-73.50927152	1
39.88543559	-73.5043394	1
39.89176982	-73.49940636	1
39.86871074	-73.52406578	1
39.87504587	-73.51913578	1
39.88138078	-73.51420486	1
39.88771545	-73.50927303	1
39.89404988	-73.50434027	1
39.87098974	-73.52899891	1
39.87732509	-73.52406918	1
39.88366021	-73.51913854	1
39.88999509	-73.51420698	1
39.89632974	-73.5092745	1
39.87326855	-73.53393236	1
39.87960411	-73.52900292	1
39.88593944	-73.52407255	1
39.89227453	-73.51914127	1
39.8986094	-73.51420907	1
39.87554715	-73.53886614	1
39.88188292	-73.53393698	1
39.88821846	-73.52900689	1
39.89455377	-73.52407589	1
39.90088885	-73.51914396	1
39.90722369	-73.51421112	1
39.87782554	-73.54380026	1
39.88416153	-73.53887137	1
39.89049728	-73.53394157	1
39.8968328	-73.52901084	1
39.90316809	-73.52407919	1
39.90950315	-73.51914663	1
39.88010373	-73.54873471	1
39.88643993	-73.5438061	1
39.8927759	-73.53887657	1
39.89911163	-73.53394612	1
39.90544713	-73.52901475	1
39.9117824	-73.52408246	1
39.88238172	-73.55366948	1
39.88871813	-73.54874115	1
39.89505431	-73.5438119	1
39.90139025	-73.53888173	1
39.90772597	-73.53395064	1
39.91406145	-73.52901863	1
39.88465949	-73.55860459	1
39.89099612	-73.55367654	1
39.89733251	-73.54874757	1
39.90366867	-73.54381768	1
39.9100046	-73.53888686	1
39.91634029	-73.53395513	1
39.88693707	-73.56354003	1
39.89327391	-73.55861225	1
39.89961051	-73.55368356	1
39.90594688	-73.54875395	1
39.91228302	-73.54382342	1
39.91861893	-73.53889197	1
39.88921444	-73.5684758	1
39.89555149	-73.5635483	1
39.90188831	-73.55861989	1
39.90822489	-73.55369056	1
39.91456124	-73.5487603	1
39.92089736	-73.54382913	1
39.8914916	-73.5734119	1
39.89782886	-73.56848468	1
39.90416589	-73.56355655	1
39.91050269	-73.55862749	1
39.91683926	-73.55369752	1
39.92317559	-73.54876662	1
39.89376856	-73.57834833	1
39.90010603	-73.57342139	1
39.90644328	-73.56849354	1
39.91278029	-73.56356476	1
39.91911707	-73.55863507	1
39.92545361	-73.55370445	1
39.89604531	-73.58328509	1
39.902383	-73.57835843	1
39.90872046	-73.57343086	1
39.91505768	-73.56850236	1
39.92139467	-73.56357295	1
39.92773143	-73.55864261	1
39.89832186	-73.58822218	1
39.90465976	-73.5832958	1
39.91099743	-73.57836851	1
39.91733486	-73.57344029	1
39.92367207	-73.56851116	1
39.93000904	-73.5635811	1
39.9005982	-73.5931596	1
39.90693632	-73.58823351	1
39.9132742	-73.58330649	1
39.91961184	-73.57837855	1
39.92594926	-73.5734497	1
39.93228644	-73.56851992	1
39.90287434	-73.59809736	1
39.90921266	-73.59317154	1
39.91555076	-73.5882448	1
39.92188862	-73.58331715	1
39.92822625	-73.57838857	1
39.93456364	-73.57345907	1
39.90515027	-73.60303544	1
39.91148881	-73.5981099	1
39.91782711	-73.59318345	1
39.92416519	-73.58825607	1
39.93050303	-73.58332777	1
39.93684064	-73.57839856	1
39.907426	-73.60797386	1
39.91376475	-73.6030486	1
39.92010326	-73.59812242	1
39.92644155	-73.59319533	1
39.93277961	-73.58826731	1
39.93911743	-73.58333837	1
39.91604048	-73.60798763	1
39.92237921	-73.60306173	1
39.92871771	-73.59813491	1
39.93505598	-73.59320718	1
39.94139401	-73.58827852	1
39.92465495	-73.60800137	1
39.93099366	-73.60307483	1
39.93733214	-73.59814738	1
39.94367039	-73.593219	1
39.93326941	-73.60801508	1
39.9396081	-73.6030879	1
39.94594656	-73.59815981	1
39.94188385	-73.60802877	1
39.94822253	-73.60310095	1
39.63347917	-73.25291075	1
39.63576925	-73.25781805	1
39.63805913	-73.26272567	1
39.63402424	-73.27256882	1
39.64034881	-73.26763362	1
39.6363135	-73.27747683	1
39.64263828	-73.2725419	1
39.63860257	-73.28238517	1
39.64492756	-73.2774505	1
39.63456599	-73.29222731	1
39.64089143	-73.28729383	1
39.64721663	-73.28235944	1
39.63685444	-73.29713604	1
39.64318009	-73.29220283	1
39.6495055	-73.2872687	1
39.63914269	-73.30204509	1
39.64546855	-73.29711215	1
39.65179418	-73.2921783	1
39.63510442	-73.31188623	1
39.64143073	-73.30695447	1
39.64775681	-73.3020218	1
39.65408264	-73.29708822	1
39.63739205	-73.31679567	1
39.64371857	-73.31186418	1
39.65004486	-73.30693178	1
39.65637091	-73.30199847	1
39.63335251	-73.32663574	1
39.63967948	-73.32170544	1
39.64600622	-73.31677422	1
39.65233271	-73.31184209	1
39.65865898	-73.30690905	1
39.63563953	-73.33154557	1
39.64196671	-73.32661554	1
39.64829366	-73.32168459	1
39.65462037	-73.31675273	1
39.66094684	-73.31181996	1
39.63792634	-73.33645573	1
39.64425374	-73.33152596	1
39.65058089	-73.32659529	1
39.65690782	-73.3216637	1
39.66323451	-73.3167312	1
39.63388511	-73.34629479	1
39.64021295	-73.34136621	1
39.64654056	-73.33643672	1
39.65286793	-73.33150631	1
39.65919507	-73.32657499	1
39.66552197	-73.32164276	1
39.63617131	-73.35120533	1
39.64249936	-73.34627702	1
39.64882718	-73.3413478	1
39.65515476	-73.33641766	1
39.66148211	-73.33148662	1
39.66780923	-73.32655466	1
39.63845731	-73.3561162	1
39.64478557	-73.35118816	1
39.6511136	-73.34625921	1
39.6574414	-73.34132934	1
39.66376896	-73.33639857	1
39.67009628	-73.33146688	1
39.6407431	-73.3610274	1
39.64707158	-73.35609963	1
39.65339982	-73.35117095	1
39.65972783	-73.34624135	1
39.6660556	-73.34131085	1
39.67238314	-73.33637943	1
39.6430287	-73.36593892	1
39.64935738	-73.36101142	1
39.65568584	-73.35608301	1
39.66201406	-73.35115369	1
39.66834204	-73.34622346	1
39.67466979	-73.34129231	1
39.64531409	-73.37085077	1
39.65164299	-73.36592355	1
39.65797165	-73.36099541	1
39.66430008	-73.35606636	1
39.67062828	-73.3511364	1
39.67695624	-73.34620552	1
39.64759928	-73.37576295	1
39.65392839	-73.370836	1
39.66025727	-73.36590813	1
39.66658591	-73.36097936	1
39.67291432	-73.35604966	1
39.67924249	-73.35111906	1
39.64988426	-73.38067546	1
39.65621359	-73.37574878	1
39.66254268	-73.37082119	1
39.66887153	-73.36589268	1
39.67520015	-73.36096326	1
39.68152854	-73.35603293	1
39.65216905	-73.3855883	1
39.65849858	-73.38066189	1
39.66482788	-73.37573457	1
39.67115695	-73.37080633	1
39.67748579	-73.36587718	1
39.68381438	-73.36094712	1
39.65445363	-73.39050147	1
39.66078338	-73.38557533	1
39.66711289	-73.38064828	1
39.67344217	-73.37572031	1
39.67977122	-73.37079144	1
39.68610003	-73.36586165	1
39.65673801	-73.39541496	1
39.66306797	-73.39048909	1
39.66939769	-73.38556231	1
39.67572719	-73.38063462	1
39.68205644	-73.37570602	1
39.65902219	-73.40032878	1
39.66535236	-73.39540319	1
39.6716823	-73.39047668	1
39.678012	-73.38554926	1
39.68434147	-73.38062093	1
39.66130616	-73.40524293	1
39.66763654	-73.40031761	1
39.67396669	-73.39539137	1
39.68029661	-73.39046423	1
39.68662629	-73.38553617	1
39.66358993	-73.41015741	1
39.66992053	-73.40523236	1
39.67625089	-73.4003064	1
39.68258102	-73.39537952	1
39.68891091	-73.39045173	1
39.6658735	-73.41507221	1
39.67220431	-73.41014744	1
39.67853489	-73.40522175	1
39.68486523	-73.40029514	1
39.69119533	-73.39536763	1
39.66815687	-73.41998735	1
39.67448789	-73.41506284	1
39.68081868	-73.41013743	1
39.68714923	-73.4052111	1
39.69347955	-73.40028386	1
39.67044004	-73.42490281	1
39.67677127	-73.41997858	1
39.68310227	-73.41505343	1
39.68943303	-73.41012738	1
39.69576356	-73.40520041	1
39.672723	-73.4298186	1
39.67905444	-73.42489464	1
39.68538565	-73.41996977	1
39.69171663	-73.41504399	1
39.69804737	-73.41011729	1
39.67500576	-73.43473472	1
39.68133742	-73.42981103	1
39.68766884	-73.42488643	1
39.69400002	-73.41996092	1
39.70033098	-73.4150345	1
39.67728832	-73.43965116	1
39.68362018	-73.43472775	1
39.68995182	-73.42980343	1
39.69628322	-73.42487819	1
39.70261438	-73.41995204	1
39.67957067	-73.44456794	1
39.68590275	-73.4396448	1
39.6922346	-73.43472075	1
39.69856621	-73.42979579	1
39.70489759	-73.42486991	1
39.68185282	-73.44948504	1
39.68818511	-73.44456218	1
39.69451717	-73.4396384	1
39.70084899	-73.43471371	1
39.70718058	-73.42978811	1
39.71351194	-73.42486159	1
39.68413477	-73.45440247	1
39.69046728	-73.44947988	1
39.69679954	-73.44455638	1
39.70313158	-73.43963196	1
39.70946338	-73.43470663	1
39.71579495	-73.42978039	1
39.68641652	-73.45932023	1
39.69274923	-73.45439791	1
39.69908171	-73.44947468	1
39.70541396	-73.44455054	1
39.71174597	-73.43962549	1
39.71807775	-73.43469952	1
39.68869806	-73.46423832	1
39.69503099	-73.45931628	1
39.70136368	-73.45439332	1
39.70769614	-73.44946945	1
39.71402836	-73.44454467	1
39.72036036	-73.43961897	1
39.6909794	-73.46915674	1
39.69731254	-73.46423497	1
39.70364544	-73.45931228	1
39.70997811	-73.45438869	1
39.71631055	-73.44946418	1
39.72264276	-73.44453876	1
39.69326054	-73.47407548	1
39.69959389	-73.46915398	1
39.705927	-73.46423158	1
39.71225989	-73.45930825	1
39.71859254	-73.45438402	1
39.72492495	-73.44945888	1
39.69554147	-73.47899455	1
39.70187503	-73.47407333	1
39.70820836	-73.4691512	1
39.71454146	-73.46422815	1
39.72087432	-73.45930419	1
39.72720695	-73.45437932	1
39.6978222	-73.48391395	1
39.70415598	-73.478993	1
39.71048952	-73.47407115	1
39.71682282	-73.46914837	1
39.72315589	-73.46422469	1
39.72948874	-73.45930009	1
39.70010273	-73.48883368	1
39.70643672	-73.48391301	1
39.71277047	-73.47899142	1
39.71910398	-73.47406893	1
39.72543727	-73.46914552	1
39.73177032	-73.46422119	1
39.70238306	-73.49375374	1
39.70871725	-73.48883334	1
39.71505121	-73.48391203	1
39.72138494	-73.47898981	1
39.72771844	-73.47406667	1
39.73405171	-73.46914262	1
39.70466318	-73.49867412	1
39.71099758	-73.493754	1
39.71733176	-73.48883296	1
39.7236657	-73.48391102	1
39.72999941	-73.47898816	1
39.73633288	-73.47406438	1
39.70694309	-73.50359483	1
39.71327771	-73.49867499	1
39.7196121	-73.49375423	1
39.72594625	-73.48883255	1
39.73228017	-73.48390997	1
39.73861386	-73.47898647	1
39.70922281	-73.50851588	1
39.71555764	-73.5035963	1
39.72189224	-73.49867582	1
39.7282266	-73.49375442	1
39.73456073	-73.48883211	1
39.74089463	-73.48390889	1
39.71150232	-73.51343725	1
39.71783736	-73.50851795	1
39.72417217	-73.50359774	1
39.73050675	-73.49867662	1
39.73684109	-73.49375458	1
39.7431752	-73.48883163	1
39.71378163	-73.51835894	1
39.72011688	-73.51343992	1
39.7264519	-73.50851999	1
39.73278669	-73.50359914	1
39.73912125	-73.49867738	1
39.71606073	-73.52328097	1
39.72239619	-73.51836222	1
39.72873143	-73.51344256	1
39.73506643	-73.50852199	1
39.7414012	-73.50360051	1
39.71833963	-73.52820332	1
39.72467531	-73.52328485	1
39.73101075	-73.51836547	1
39.73734596	-73.51344518	1
39.74368094	-73.50852397	1
39.72061833	-73.53312601	1
39.72695421	-73.52820781	1
39.73328987	-73.5232887	1
39.73962529	-73.51836869	1
39.72289682	-73.53804902	1
39.72923292	-73.5331311	1
39.73556878	-73.52821227	1
39.74190442	-73.52329252	1
39.72517511	-73.54297236	1
39.73151142	-73.53805471	1
39.7378475	-73.53313616	1
39.72745319	-73.54789602	1
39.73378971	-73.54297866	1
39.740126	-73.53806038	1
39.72973107	-73.55282002	1
39.73606781	-73.54790293	1
39.74240431	-73.54298493	1
39.73200875	-73.55774434	1
39.7383457	-73.55282753	1
39.73428622	-73.562669	1
39.74062338	-73.55775246	1
39.73656349	-73.56759398	1
39.74290086	-73.56267772	1
39.73884056	-73.57251929	1
39.74111742	-73.57744492	1
39.74339408	-73.58237089	1
39.4604095	-73.31304048	1
39.46269689	-73.31793786	1
39.46902391	-73.3130194	1
39.46498408	-73.32283557	1
39.47131131	-73.31791737	1
39.46094339	-73.33265062	1
39.46727106	-73.3277336	1
39.4735985	-73.32281567	1
39.46322996	-73.33754871	1
39.46955785	-73.33263196	1
39.4758855	-73.3277143	1
39.46551634	-73.34244713	1
39.47184443	-73.33753064	1
39.4781723	-73.33261325	1
39.46147397	-73.35226118	1
39.46780251	-73.34734587	1
39.47413082	-73.34242965	1
39.46375973	-73.35715997	1
39.47008848	-73.35224493	1
39.476417	-73.34732898	1
39.4660453	-73.3620591	1
39.47237426	-73.35714432	1
39.47870299	-73.35222864	1
39.46200125	-73.37187215	1
39.46833066	-73.36695854	1
39.47465983	-73.36204404	1
39.48098877	-73.35712863	1
39.4642862	-73.37677165	1
39.47061582	-73.37185832	1
39.4769452	-73.36694408	1
39.48327435	-73.36202894	1
39.46657095	-73.38167148	1
39.47290078	-73.37675842	1
39.47923037	-73.37184445	1
39.48555973	-73.36692958	1
39.46252523	-73.39148353	1
39.4688555	-73.38657163	1
39.47518554	-73.38165884	1
39.48151534	-73.37674514	1
39.48784491	-73.37183054	1
39.46480937	-73.39638374	1
39.47113985	-73.39147211	1
39.47747009	-73.38655959	1
39.48380011	-73.38164616	1
39.49012989	-73.37673183	1
39.4670933	-73.40128427	1
39.47342399	-73.39637292	1
39.47975445	-73.39146066	1
39.48608468	-73.3865475	1
39.49241467	-73.38163344	1
39.46304591	-73.41109531	1
39.46937704	-73.40618513	1
39.47570794	-73.40127405	1
39.48203861	-73.39636206	1
39.48836904	-73.39144917	1
39.49469925	-73.38653538	1
39.46532923	-73.41599623	1
39.47166057	-73.41108632	1
39.47799168	-73.4061755	1
39.48432256	-73.40126379	1
39.49065321	-73.39635117	1
39.49698362	-73.39143764	1
39.46761235	-73.42089747	1
39.47394391	-73.41598783	1
39.48027523	-73.41107728	1
39.48660632	-73.40616584	1
39.49293717	-73.40125349	1
39.4992678	-73.39634023	1
39.46989527	-73.42579903	1
39.47622704	-73.42088966	1
39.48255857	-73.41597939	1
39.48888987	-73.41106821	1
39.49522094	-73.40615613	1
39.50155177	-73.40124315	1
39.47217799	-73.43070092	1
39.47850997	-73.42579182	1
39.48484171	-73.42088182	1
39.49117322	-73.41597091	1
39.4975045	-73.4110591	1
39.50383555	-73.40614639	1
39.47446051	-73.43560313	1
39.4807927	-73.4306943	1
39.48712465	-73.42578457	1
39.49345637	-73.42087394	1
39.49978786	-73.4159624	1
39.50611912	-73.41104995	1
39.47674283	-73.44050567	1
39.48307523	-73.43559711	1
39.48940739	-73.43068765	1
39.49573932	-73.42577729	1
39.50207102	-73.42086602	1
39.50840249	-73.41595385	1
39.47902495	-73.44540854	1
39.48535755	-73.44050025	1
39.49168993	-73.43559106	1
39.49802207	-73.43068096	1
39.50435398	-73.42576997	1
39.51068566	-73.42085806	1
39.48130686	-73.45031173	1
39.48763968	-73.44540371	1
39.49397226	-73.44049479	1
39.50030462	-73.43558497	1
39.50663674	-73.43067424	1
39.51296862	-73.42576261	1
39.48358858	-73.45521524	1
39.4899216	-73.4503075	1
39.4962544	-73.44539885	1
39.50258696	-73.44048929	1
39.50891929	-73.43557884	1
39.51525139	-73.43066748	1
39.48587009	-73.46011908	1
39.49220333	-73.45521161	1
39.49853633	-73.45030323	1
39.5048691	-73.44539395	1
39.51120165	-73.44048376	1
39.51753396	-73.43557267	1
39.4881514	-73.46502325	1
39.49448485	-73.46011604	1
39.50081806	-73.45520793	1
39.50715105	-73.45029892	1
39.5134838	-73.44538901	1
39.51981632	-73.44047819	1
39.49043251	-73.46992773	1
39.49676617	-73.4650208	1
39.50309959	-73.46011297	1
39.50943279	-73.45520423	1
39.51576575	-73.45029458	1
39.52209848	-73.44538404	1
39.49271342	-73.47483255	1
39.49904729	-73.46992589	1
39.50538092	-73.46501832	1
39.51171433	-73.46010985	1
39.5180475	-73.45520048	1
39.52438044	-73.45029021	1
39.49499413	-73.47973769	1
39.5013282	-73.4748313	1
39.50766205	-73.469924	1
39.51399566	-73.46501581	1
39.52032905	-73.46010671	1
39.5266622	-73.4551967	1
39.49727463	-73.48464315	1
39.50360892	-73.47973703	1
39.50994297	-73.47483001	1
39.5162768	-73.46992209	1
39.52261039	-73.46501326	1
39.52894375	-73.46010353	1
39.49955493	-73.48954894	1
39.50588943	-73.48464309	1
39.5122237	-73.47973634	1
39.51855773	-73.47482869	1
39.52489154	-73.46992013	1
39.53122511	-73.46501067	1
39.50183503	-73.49445505	1
39.50816974	-73.48954948	1
39.51450422	-73.484643	1
39.52083846	-73.47973562	1
39.52717248	-73.47482734	1
39.53350626	-73.46991815	1
39.50411493	-73.49936149	1
39.51044985	-73.49445619	1
39.51678454	-73.48954999	1
39.52311899	-73.48464288	1
39.52945322	-73.47973486	1
39.53578721	-73.47482595	1
39.50639463	-73.50426826	1
39.51272976	-73.49936323	1
39.51906466	-73.49445729	1
39.52539932	-73.48955046	1
39.53173376	-73.48464272	1
39.53806796	-73.47973407	1
39.50867413	-73.50917535	1
39.51500946	-73.50427059	1
39.52134457	-73.49936493	1
39.52767945	-73.49445836	1
39.53401409	-73.48955089	1
39.54034851	-73.48464252	1
39.51095342	-73.51408276	1
39.51728897	-73.50917827	1
39.52362429	-73.50427289	1
39.52995937	-73.49936659	1
39.53629423	-73.4944594	1
39.54262885	-73.4895513	1
39.51323251	-73.5189905	1
39.51956827	-73.51408629	1
39.5259038	-73.50918117	1
39.53223909	-73.50427515	1
39.53857416	-73.49936823	1
39.544909	-73.4944604	1
39.5155114	-73.52389856	1
39.52184737	-73.51899462	1
39.52818311	-73.51408978	1
39.53451861	-73.50918403	1
39.54085389	-73.50427738	1
39.54718894	-73.49936983	1
39.51779009	-73.52880695	1
39.52412627	-73.52390328	1
39.53046221	-73.51899871	1
39.53679793	-73.51409324	1
39.54313342	-73.50918686	1
39.54946867	-73.50427958	1
39.52006857	-73.53371567	1
39.52640496	-73.52881227	1
39.53274112	-73.52390797	1
39.53907705	-73.51900277	1
39.54541274	-73.51409667	1
39.55174821	-73.50918966	1
39.55808345	-73.50428175	1
39.52234685	-73.5386247	1
39.52868345	-73.53372158	1
39.53501982	-73.52881756	1
39.54135596	-73.52391263	1
39.54769187	-73.5190068	1
39.55402754	-73.51410006	1
39.56036299	-73.50919242	1
39.52462493	-73.54353407	1
39.53096174	-73.53863122	1
39.53729832	-73.53372747	1
39.54363467	-73.52882282	1
39.54997079	-73.52391726	1
39.55630667	-73.5190108	1
39.56264233	-73.51410343	1
39.52690281	-73.54844376	1
39.53323983	-73.54354118	1
39.53957662	-73.53863771	1
39.54591318	-73.53373333	1
39.55224951	-73.52882804	1
39.5585856	-73.52392185	1
39.56492147	-73.51901476	1
39.52918049	-73.55335377	1
39.53551772	-73.54845147	1
39.54185472	-73.54354827	1
39.54819148	-73.53864416	1
39.55452802	-73.53373915	1
39.56086433	-73.52883323	1
39.56720041	-73.52392641	1
39.53145796	-73.55826411	1
39.5377954	-73.55336208	1
39.54413261	-73.54845915	1
39.55046959	-73.54355532	1
39.55680634	-73.53865058	1
39.56314285	-73.53374494	1
39.56947914	-73.52883839	1
39.53373523	-73.56317477	1
39.54007288	-73.55827302	1
39.5464103	-73.55337037	1
39.55274749	-73.54846681	1
39.55908445	-73.54356234	1
39.56542117	-73.53865697	1
39.5360123	-73.56808576	1
39.54235016	-73.56318428	1
39.54868779	-73.5582819	1
39.55502519	-73.55337862	1
39.56136235	-73.54847443	1
39.56769929	-73.54356933	1
39.53828917	-73.57299708	1
39.54462723	-73.56809587	1
39.55096507	-73.56319376	1
39.55730268	-73.55829075	1
39.56364006	-73.55338684	1
39.56997721	-73.54848202	1
39.54056583	-73.57790872	1
39.54690411	-73.57300779	1
39.55324216	-73.56810595	1
39.55957997	-73.56320321	1
39.56591756	-73.55829957	1
39.54284229	-73.58282068	1
39.54918078	-73.57792002	1
39.55551903	-73.57301847	1
39.56185706	-73.568116	1
39.56819486	-73.56321264	1
39.54511855	-73.58773297	1
39.55145724	-73.58283259	1
39.55779571	-73.5779313	1
39.56413395	-73.57302912	1
39.57047196	-73.56812602	1
39.55373351	-73.58774548	1
39.56007219	-73.58284447	1
39.56641064	-73.57794255	1
39.56234846	-73.58775796	1
39.56868712	-73.58285632	1
39.5709634	-73.58777041	1
40.15338214	-72.65261135	1
40.15967713	-72.64758071	1
40.16597187	-72.64254913	1
40.17226636	-72.63751659	1
40.17856059	-72.63248311	1
40.18485457	-72.62744868	1
40.1911483	-72.6224133	1
40.15569792	-72.65753387	1
40.16199313	-72.6525035	1
40.16828809	-72.64747218	1
40.17458279	-72.64243991	1
40.18087725	-72.63740669	1
40.18717145	-72.63237252	1
40.1934654	-72.6273374	1
40.15801349	-72.66245673	1
40.16430892	-72.65742662	1
40.1706041	-72.65239557	1
40.17689903	-72.64736356	1
40.1831937	-72.64233061	1
40.18948813	-72.6372967	1
40.1957823	-72.63226185	1
40.16032887	-72.66737994	1
40.16662452	-72.66235009	1
40.17291992	-72.6573193	1
40.17921506	-72.65228756	1
40.18550996	-72.64725486	1
40.1918046	-72.64222122	1
40.16264404	-72.67230349	1
40.16893991	-72.6672739	1
40.17523553	-72.66224337	1
40.1815309	-72.65721189	1
40.18782601	-72.65217947	1
40.19412088	-72.64714609	1
40.16495902	-72.67722737	1
40.17125511	-72.67219806	1
40.17755095	-72.66716779	1
40.18384653	-72.66213657	1
40.19014187	-72.65710441	1
40.19643695	-72.65207129	1
40.16727379	-72.6821516	1
40.1735701	-72.67712255	1
40.17986616	-72.67209254	1
40.18616196	-72.66706159	1
40.19245752	-72.66202969	1
40.19875282	-72.65699684	1
40.16958836	-72.68707617	1
40.17588489	-72.68204738	1
40.18218117	-72.67701764	1
40.1884772	-72.67198695	1
40.19477297	-72.66695532	1
40.20106849	-72.66192273	1
40.17190273	-72.69200108	1
40.17819948	-72.68697256	1
40.18449598	-72.68194308	1
40.19079223	-72.67691266	1
40.19708822	-72.67188129	1
40.20338396	-72.66684896	1
40.1742169	-72.69692634	1
40.18051387	-72.69189807	1
40.18681059	-72.68686886	1
40.19310705	-72.6818387	1
40.19940327	-72.67680759	1
40.20569923	-72.67177554	1
40.17653087	-72.70185193	1
40.18282806	-72.69682393	1
40.189125	-72.69179498	1
40.19542168	-72.68676509	1
40.20171812	-72.68173425	1
40.2080143	-72.67670245	1
40.17884464	-72.70677786	1
40.18514204	-72.70175013	1
40.1914392	-72.69672145	1
40.19773611	-72.69169182	1
40.20403276	-72.68666124	1
40.21032917	-72.68162971	1
40.1811582	-72.71170414	1
40.18745583	-72.70667667	1
40.19375321	-72.70164825	1
40.20005033	-72.69661889	1
40.20634721	-72.69158857	1
40.21264383	-72.68655731	1
40.18347157	-72.71663076	1
40.18976941	-72.71160355	1
40.19606701	-72.7065754	1
40.20236436	-72.7015463	1
40.20866145	-72.69651625	1
40.2149583	-72.69148525	1
40.18578473	-72.72155771	1
40.1920828	-72.71653077	1
40.19838061	-72.71150289	1
40.20467818	-72.70647405	1
40.21097549	-72.70144427	1
40.21727256	-72.69641353	1
40.18809769	-72.72648501	1
40.19439598	-72.72145834	1
40.20069401	-72.71643072	1
40.2069918	-72.71140215	1
40.21328933	-72.70637263	1
40.21958662	-72.70134216	1
40.19041045	-72.73141265	1
40.19670896	-72.72638624	1
40.20300721	-72.72135889	1
40.20930522	-72.71633058	1
40.21560297	-72.71130133	1
40.22190048	-72.70627112	1
40.19272301	-72.73634064	1
40.19902173	-72.73131449	1
40.20532021	-72.7262874	1
40.21161844	-72.72125936	1
40.21791641	-72.71623037	1
40.22421414	-72.71120043	1
40.19503536	-72.74126896	1
40.20133431	-72.73624308	1
40.20763301	-72.73121625	1
40.21393145	-72.72618848	1
40.22022965	-72.72115976	1
40.22652759	-72.71613008	1
40.19734752	-72.74619762	1
40.20364668	-72.74117201	1
40.2099456	-72.73614545	1
40.21624427	-72.73111794	1
40.22254268	-72.72608948	1
40.22884084	-72.72106007	1
40.19965947	-72.75112663	1
40.20595886	-72.74610128	1
40.21225799	-72.74107499	1
40.21855688	-72.73604774	1
40.22485551	-72.73101955	1
40.2311539	-72.72599041	1
40.20197122	-72.75605597	1
40.20827083	-72.75103089	1
40.21457018	-72.74600486	1
40.22086929	-72.74097789	1
40.22716814	-72.73594996	1
40.23346675	-72.73092108	1
40.20428277	-72.76098566	1
40.2105826	-72.75596085	1
40.21688217	-72.75093508	1
40.2231815	-72.74590837	1
40.22948057	-72.74088071	1
40.2357794	-72.7358521	1
40.20659412	-72.76591569	1
40.21289416	-72.76089114	1
40.21919396	-72.75586565	1
40.2254935	-72.7508392	1
40.2317928	-72.74581181	1
40.23809184	-72.74078346	1
40.20890527	-72.77084606	1
40.21520553	-72.76582178	1
40.22150554	-72.76079655	1
40.22780531	-72.75577037	1
40.23410482	-72.75074324	1
40.24040409	-72.74571516	1
40.21121621	-72.77577677	1
40.21751669	-72.77075276	1
40.22381693	-72.76572779	1
40.23011691	-72.76070188	1
40.23641665	-72.75567502	1
40.24271613	-72.75064721	1
40.21352695	-72.78070782	1
40.21982765	-72.77568408	1
40.22612811	-72.77065938	1
40.23242831	-72.76563373	1
40.23872827	-72.76060714	1
40.24502797	-72.75557959	1
40.21583749	-72.78563922	1
40.22213841	-72.78061574	1
40.22843909	-72.77559131	1
40.23473951	-72.77056593	1
40.24103968	-72.7655396	1
40.24733961	-72.76051232	1
40.21814783	-72.79057095	1
40.22444897	-72.78554774	1
40.23074986	-72.78052358	1
40.23705051	-72.77549846	1
40.2433509	-72.7704724	1
40.24965104	-72.76544539	1
40.22045796	-72.79550303	1
40.22675932	-72.79048008	1
40.23306044	-72.78545619	1
40.2393613	-72.78043134	1
40.24566191	-72.77540555	1
40.25196228	-72.7703788	1
40.2227679	-72.80043545	1
40.22906948	-72.79541277	1
40.23537081	-72.79038914	1
40.24167189	-72.78536456	1
40.24797273	-72.78033903	1
40.25427331	-72.77531256	1
40.22507763	-72.80536821	1
40.23137943	-72.80034579	1
40.23768098	-72.79532243	1
40.24398228	-72.79029812	1
40.25028333	-72.78527286	1
40.25658414	-72.78024665	1
40.22738715	-72.81030131	1
40.23368918	-72.80527916	1
40.23999095	-72.80025607	1
40.24629247	-72.79523202	1
40.25259374	-72.79020703	1
40.25889476	-72.78518109	1
40.22969648	-72.81523475	1
40.23599872	-72.81021287	1
40.24230071	-72.80519004	1
40.24860245	-72.80016627	1
40.25490395	-72.79514154	1
40.26120519	-72.79011587	1
40.2320056	-72.82016853	1
40.23830806	-72.81514692	1
40.24461027	-72.81012436	1
40.25091224	-72.80510086	1
40.25721395	-72.8000764	1
40.26351541	-72.79505099	1
40.23431452	-72.82510266	1
40.2406172	-72.82008132	1
40.24691963	-72.81505902	1
40.25322182	-72.81003578	1
40.25952375	-72.80501159	1
40.26582543	-72.79998646	1
40.23662324	-72.83003712	1
40.24292614	-72.82501605	1
40.24922879	-72.81999403	1
40.25553119	-72.81497105	1
40.26183334	-72.80994713	1
40.26813525	-72.80492226	1
40.23893176	-72.83497193	1
40.24523488	-72.82995112	1
40.25153775	-72.82492937	1
40.25784037	-72.81990667	1
40.26414274	-72.81488301	1
40.27044486	-72.80985841	1
40.24124007	-72.83990708	1
40.24754341	-72.83488654	1
40.2538465	-72.82986505	1
40.26014934	-72.82484262	1
40.26645193	-72.81981923	1
40.27275427	-72.8147949	1
40.24354818	-72.84484257	1
40.24985174	-72.8398223	1
40.25615505	-72.83480108	1
40.26245811	-72.82977891	1
40.26876092	-72.8247558	1
40.27506348	-72.81973173	1
40.24585609	-72.8497784	1
40.25215987	-72.8447584	1
40.25846339	-72.83973745	1
40.26476667	-72.83471555	1
40.2710697	-72.8296927	1
40.27737248	-72.82466891	1
40.24816379	-72.85471457	1
40.25446779	-72.84969484	1
40.26077154	-72.84467416	1
40.26707504	-72.83965253	1
40.27337829	-72.83462995	1
40.27968129	-72.82960642	1
40.2504713	-72.85965109	1
40.25677551	-72.85463162	1
40.26307948	-72.84961121	1
40.2693832	-72.84458985	1
40.27568667	-72.83956754	1
40.28198989	-72.83454428	1
40.25277859	-72.86458794	1
40.25908303	-72.85956875	1
40.26538722	-72.85454861	1
40.27169115	-72.84952751	1
40.27799484	-72.84450547	1
40.28429828	-72.83948248	1
40.29060147	-72.83445854	1
40.25508569	-72.86952514	1
40.26139034	-72.86450621	1
40.26769475	-72.85948634	1
40.27399891	-72.85446552	1
40.28030282	-72.84944375	1
40.28660648	-72.84442102	1
40.29290989	-72.83939735	1
40.25739258	-72.87446268	1
40.26369746	-72.86944402	1
40.27000208	-72.86442442	1
40.27630646	-72.85940386	1
40.28261059	-72.85438236	1
40.28891447	-72.84935991	1
40.2952181	-72.8443365	1
